Time 0
Waiting clients: (34,2,6) (41,2,2) (46,2,6) (33,3,3) (45,4,2) (8,5,4) (31,5,3) (10,6,5) (19,6,1) (25,6,3) (12,8,4) (23,8,6) (29,8,1) (30,8,5) (39,9,5) (42,10,4) (49,10,1) (9,12,5) (16,12,5) (11,13,3) (48,13,3) (4,15,6) (15,15,4) (38,15,1) (13,16,5) (24,16,3) (27,16,6) (35,16,3) (37,16,3) (5,18,3) (22,18,3) (32,20,4) (50,20,4) (6,22,5) (18,23,2) (40,23,6) (14,25,5) (2,26,6) (44,26,2) (1,28,6) (28,29,5) (17,30,4) (43,30,5) (21,31,1) (7,33,6) (20,33,6) (3,34,2) (47,36,5) (26,39,4) (36,39,4) 
Queue 1: closed
Queue 2: closed
Queue 3: closed
Queue 4: closed
Queue 5: closed

Time 1
Waiting clients: (34,2,6) (41,2,2) (46,2,6) (33,3,3) (45,4,2) (8,5,4) (31,5,3) (10,6,5) (19,6,1) (25,6,3) (12,8,4) (23,8,6) (29,8,1) (30,8,5) (39,9,5) (42,10,4) (49,10,1) (9,12,5) (16,12,5) (11,13,3) (48,13,3) (4,15,6) (15,15,4) (38,15,1) (13,16,5) (24,16,3) (27,16,6) (35,16,3) (37,16,3) (5,18,3) (22,18,3) (32,20,4) (50,20,4) (6,22,5) (18,23,2) (40,23,6) (14,25,5) (2,26,6) (44,26,2) (1,28,6) (28,29,5) (17,30,4) (43,30,5) (21,31,1) (7,33,6) (20,33,6) (3,34,2) (47,36,5) (26,39,4) (36,39,4) 
Queue 1: closed
Queue 2: closed
Queue 3: closed
Queue 4: closed
Queue 5: closed

Time 2
Waiting clients: (33,3,3) (45,4,2) (8,5,4) (31,5,3) (10,6,5) (19,6,1) (25,6,3) (12,8,4) (23,8,6) (29,8,1) (30,8,5) (39,9,5) (42,10,4) (49,10,1) (9,12,5) (16,12,5) (11,13,3) (48,13,3) (4,15,6) (15,15,4) (38,15,1) (13,16,5) (24,16,3) (27,16,6) (35,16,3) (37,16,3) (5,18,3) (22,18,3) (32,20,4) (50,20,4) (6,22,5) (18,23,2) (40,23,6) (14,25,5) (2,26,6) (44,26,2) (1,28,6) (28,29,5) (17,30,4) (43,30,5) (21,31,1) (7,33,6) (20,33,6) (3,34,2) (47,36,5) (26,39,4) (36,39,4) 
Queue 1: (34,2,6) 
Queue 2: (41,2,2) 
Queue 3: (46,2,6) 
Queue 4: closed
Queue 5: closed

Time 3
Waiting clients: (45,4,2) (8,5,4) (31,5,3) (10,6,5) (19,6,1) (25,6,3) (12,8,4) (23,8,6) (29,8,1) (30,8,5) (39,9,5) (42,10,4) (49,10,1) (9,12,5) (16,12,5) (11,13,3) (48,13,3) (4,15,6) (15,15,4) (38,15,1) (13,16,5) (24,16,3) (27,16,6) (35,16,3) (37,16,3) (5,18,3) (22,18,3) (32,20,4) (50,20,4) (6,22,5) (18,23,2) (40,23,6) (14,25,5) (2,26,6) (44,26,2) (1,28,6) (28,29,5) (17,30,4) (43,30,5) (21,31,1) (7,33,6) (20,33,6) (3,34,2) (47,36,5) (26,39,4) (36,39,4) 
Queue 1: (34,2,5) 
Queue 2: (41,2,1) 
Queue 3: (46,2,5) 
Queue 4: (33,3,3) 
Queue 5: closed

Time 4
Waiting clients: (8,5,4) (31,5,3) (10,6,5) (19,6,1) (25,6,3) (12,8,4) (23,8,6) (29,8,1) (30,8,5) (39,9,5) (42,10,4) (49,10,1) (9,12,5) (16,12,5) (11,13,3) (48,13,3) (4,15,6) (15,15,4) (38,15,1) (13,16,5) (24,16,3) (27,16,6) (35,16,3) (37,16,3) (5,18,3) (22,18,3) (32,20,4) (50,20,4) (6,22,5) (18,23,2) (40,23,6) (14,25,5) (2,26,6) (44,26,2) (1,28,6) (28,29,5) (17,30,4) (43,30,5) (21,31,1) (7,33,6) (20,33,6) (3,34,2) (47,36,5) (26,39,4) (36,39,4) 
Queue 1: (34,2,4) 
Queue 2: (45,4,2) 
Queue 3: (46,2,4) 
Queue 4: (33,3,2) 
Queue 5: closed

Time 5
Waiting clients: (10,6,5) (19,6,1) (25,6,3) (12,8,4) (23,8,6) (29,8,1) (30,8,5) (39,9,5) (42,10,4) (49,10,1) (9,12,5) (16,12,5) (11,13,3) (48,13,3) (4,15,6) (15,15,4) (38,15,1) (13,16,5) (24,16,3) (27,16,6) (35,16,3) (37,16,3) (5,18,3) (22,18,3) (32,20,4) (50,20,4) (6,22,5) (18,23,2) (40,23,6) (14,25,5) (2,26,6) (44,26,2) (1,28,6) (28,29,5) (17,30,4) (43,30,5) (21,31,1) (7,33,6) (20,33,6) (3,34,2) (47,36,5) (26,39,4) (36,39,4) 
Queue 1: (34,2,3) 
Queue 2: (45,4,1) (31,5,3) 
Queue 3: (46,2,3) 
Queue 4: (33,3,1) 
Queue 5: (8,5,4) 

Time 6
Waiting clients: (12,8,4) (23,8,6) (29,8,1) (30,8,5) (39,9,5) (42,10,4) (49,10,1) (9,12,5) (16,12,5) (11,13,3) (48,13,3) (4,15,6) (15,15,4) (38,15,1) (13,16,5) (24,16,3) (27,16,6) (35,16,3) (37,16,3) (5,18,3) (22,18,3) (32,20,4) (50,20,4) (6,22,5) (18,23,2) (40,23,6) (14,25,5) (2,26,6) (44,26,2) (1,28,6) (28,29,5) (17,30,4) (43,30,5) (21,31,1) (7,33,6) (20,33,6) (3,34,2) (47,36,5) (26,39,4) (36,39,4) 
Queue 1: (34,2,2) (19,6,1) 
Queue 2: (31,5,3) 
Queue 3: (46,2,2) (25,6,3) 
Queue 4: (10,6,5) 
Queue 5: (8,5,3) 

Time 7
Waiting clients: (12,8,4) (23,8,6) (29,8,1) (30,8,5) (39,9,5) (42,10,4) (49,10,1) (9,12,5) (16,12,5) (11,13,3) (48,13,3) (4,15,6) (15,15,4) (38,15,1) (13,16,5) (24,16,3) (27,16,6) (35,16,3) (37,16,3) (5,18,3) (22,18,3) (32,20,4) (50,20,4) (6,22,5) (18,23,2) (40,23,6) (14,25,5) (2,26,6) (44,26,2) (1,28,6) (28,29,5) (17,30,4) (43,30,5) (21,31,1) (7,33,6) (20,33,6) (3,34,2) (47,36,5) (26,39,4) (36,39,4) 
Queue 1: (34,2,1) (19,6,1) 
Queue 2: (31,5,2) 
Queue 3: (46,2,1) (25,6,3) 
Queue 4: (10,6,4) 
Queue 5: (8,5,2) 

Time 8
Waiting clients: (39,9,5) (42,10,4) (49,10,1) (9,12,5) (16,12,5) (11,13,3) (48,13,3) (4,15,6) (15,15,4) (38,15,1) (13,16,5) (24,16,3) (27,16,6) (35,16,3) (37,16,3) (5,18,3) (22,18,3) (32,20,4) (50,20,4) (6,22,5) (18,23,2) (40,23,6) (14,25,5) (2,26,6) (44,26,2) (1,28,6) (28,29,5) (17,30,4) (43,30,5) (21,31,1) (7,33,6) (20,33,6) (3,34,2) (47,36,5) (26,39,4) (36,39,4) 
Queue 1: (19,6,1) (12,8,4) 
Queue 2: (31,5,1) (23,8,6) 
Queue 3: (25,6,3) 
Queue 4: (10,6,3) 
Queue 5: (8,5,1) (29,8,1) (30,8,5) 

Time 9
Waiting clients: (42,10,4) (49,10,1) (9,12,5) (16,12,5) (11,13,3) (48,13,3) (4,15,6) (15,15,4) (38,15,1) (13,16,5) (24,16,3) (27,16,6) (35,16,3) (37,16,3) (5,18,3) (22,18,3) (32,20,4) (50,20,4) (6,22,5) (18,23,2) (40,23,6) (14,25,5) (2,26,6) (44,26,2) (1,28,6) (28,29,5) (17,30,4) (43,30,5) (21,31,1) (7,33,6) (20,33,6) (3,34,2) (47,36,5) (26,39,4) (36,39,4) 
Queue 1: (12,8,4) 
Queue 2: (23,8,6) 
Queue 3: (25,6,2) (39,9,5) 
Queue 4: (10,6,2) 
Queue 5: (29,8,1) (30,8,5) 

Time 10
Waiting clients: (9,12,5) (16,12,5) (11,13,3) (48,13,3) (4,15,6) (15,15,4) (38,15,1) (13,16,5) (24,16,3) (27,16,6) (35,16,3) (37,16,3) (5,18,3) (22,18,3) (32,20,4) (50,20,4) (6,22,5) (18,23,2) (40,23,6) (14,25,5) (2,26,6) (44,26,2) (1,28,6) (28,29,5) (17,30,4) (43,30,5) (21,31,1) (7,33,6) (20,33,6) (3,34,2) (47,36,5) (26,39,4) (36,39,4) 
Queue 1: (12,8,3) (49,10,1) 
Queue 2: (23,8,5) 
Queue 3: (25,6,1) (39,9,5) 
Queue 4: (10,6,1) (42,10,4) 
Queue 5: (30,8,5) 

Time 11
Waiting clients: (9,12,5) (16,12,5) (11,13,3) (48,13,3) (4,15,6) (15,15,4) (38,15,1) (13,16,5) (24,16,3) (27,16,6) (35,16,3) (37,16,3) (5,18,3) (22,18,3) (32,20,4) (50,20,4) (6,22,5) (18,23,2) (40,23,6) (14,25,5) (2,26,6) (44,26,2) (1,28,6) (28,29,5) (17,30,4) (43,30,5) (21,31,1) (7,33,6) (20,33,6) (3,34,2) (47,36,5) (26,39,4) (36,39,4) 
Queue 1: (12,8,2) (49,10,1) 
Queue 2: (23,8,4) 
Queue 3: (39,9,5) 
Queue 4: (42,10,4) 
Queue 5: (30,8,4) 

Time 12
Waiting clients: (11,13,3) (48,13,3) (4,15,6) (15,15,4) (38,15,1) (13,16,5) (24,16,3) (27,16,6) (35,16,3) (37,16,3) (5,18,3) (22,18,3) (32,20,4) (50,20,4) (6,22,5) (18,23,2) (40,23,6) (14,25,5) (2,26,6) (44,26,2) (1,28,6) (28,29,5) (17,30,4) (43,30,5) (21,31,1) (7,33,6) (20,33,6) (3,34,2) (47,36,5) (26,39,4) (36,39,4) 
Queue 1: (12,8,1) (49,10,1) (9,12,5) 
Queue 2: (23,8,3) (16,12,5) 
Queue 3: (39,9,4) 
Queue 4: (42,10,3) 
Queue 5: (30,8,3) 

Time 13
Waiting clients: (4,15,6) (15,15,4) (38,15,1) (13,16,5) (24,16,3) (27,16,6) (35,16,3) (37,16,3) (5,18,3) (22,18,3) (32,20,4) (50,20,4) (6,22,5) (18,23,2) (40,23,6) (14,25,5) (2,26,6) (44,26,2) (1,28,6) (28,29,5) (17,30,4) (43,30,5) (21,31,1) (7,33,6) (20,33,6) (3,34,2) (47,36,5) (26,39,4) (36,39,4) 
Queue 1: (49,10,1) (9,12,5) 
Queue 2: (23,8,2) (16,12,5) 
Queue 3: (39,9,3) 
Queue 4: (42,10,2) (11,13,3) 
Queue 5: (30,8,2) (48,13,3) 

Time 14
Waiting clients: (4,15,6) (15,15,4) (38,15,1) (13,16,5) (24,16,3) (27,16,6) (35,16,3) (37,16,3) (5,18,3) (22,18,3) (32,20,4) (50,20,4) (6,22,5) (18,23,2) (40,23,6) (14,25,5) (2,26,6) (44,26,2) (1,28,6) (28,29,5) (17,30,4) (43,30,5) (21,31,1) (7,33,6) (20,33,6) (3,34,2) (47,36,5) (26,39,4) (36,39,4) 
Queue 1: (9,12,5) 
Queue 2: (23,8,1) (16,12,5) 
Queue 3: (39,9,2) 
Queue 4: (42,10,1) (11,13,3) 
Queue 5: (30,8,1) (48,13,3) 

Time 15
Waiting clients: (13,16,5) (24,16,3) (27,16,6) (35,16,3) (37,16,3) (5,18,3) (22,18,3) (32,20,4) (50,20,4) (6,22,5) (18,23,2) (40,23,6) (14,25,5) (2,26,6) (44,26,2) (1,28,6) (28,29,5) (17,30,4) (43,30,5) (21,31,1) (7,33,6) (20,33,6) (3,34,2) (47,36,5) (26,39,4) (36,39,4) 
Queue 1: (9,12,4) 
Queue 2: (16,12,5) 
Queue 3: (39,9,1) (4,15,6) 
Queue 4: (11,13,3) (15,15,4) 
Queue 5: (48,13,3) (38,15,1) 

Time 16
Waiting clients: (5,18,3) (22,18,3) (32,20,4) (50,20,4) (6,22,5) (18,23,2) (40,23,6) (14,25,5) (2,26,6) (44,26,2) (1,28,6) (28,29,5) (17,30,4) (43,30,5) (21,31,1) (7,33,6) (20,33,6) (3,34,2) (47,36,5) (26,39,4) (36,39,4) 
Queue 1: (9,12,3) (13,16,5) 
Queue 2: (16,12,4) (27,16,6) 
Queue 3: (4,15,6) (35,16,3) 
Queue 4: (11,13,2) (15,15,4) (37,16,3) 
Queue 5: (48,13,2) (38,15,1) (24,16,3) 

Time 17
Waiting clients: (5,18,3) (22,18,3) (32,20,4) (50,20,4) (6,22,5) (18,23,2) (40,23,6) (14,25,5) (2,26,6) (44,26,2) (1,28,6) (28,29,5) (17,30,4) (43,30,5) (21,31,1) (7,33,6) (20,33,6) (3,34,2) (47,36,5) (26,39,4) (36,39,4) 
Queue 1: (9,12,2) (13,16,5) 
Queue 2: (16,12,3) (27,16,6) 
Queue 3: (4,15,5) (35,16,3) 
Queue 4: (11,13,1) (15,15,4) (37,16,3) 
Queue 5: (48,13,1) (38,15,1) (24,16,3) 

Time 18
Waiting clients: (32,20,4) (50,20,4) (6,22,5) (18,23,2) (40,23,6) (14,25,5) (2,26,6) (44,26,2) (1,28,6) (28,29,5) (17,30,4) (43,30,5) (21,31,1) (7,33,6) (20,33,6) (3,34,2) (47,36,5) (26,39,4) (36,39,4) 
Queue 1: (9,12,1) (13,16,5) (22,18,3) 
Queue 2: (16,12,2) (27,16,6) 
Queue 3: (4,15,4) (35,16,3) 
Queue 4: (15,15,4) (37,16,3) 
Queue 5: (38,15,1) (24,16,3) (5,18,3) 

Time 19
Waiting clients: (32,20,4) (50,20,4) (6,22,5) (18,23,2) (40,23,6) (14,25,5) (2,26,6) (44,26,2) (1,28,6) (28,29,5) (17,30,4) (43,30,5) (21,31,1) (7,33,6) (20,33,6) (3,34,2) (47,36,5) (26,39,4) (36,39,4) 
Queue 1: (13,16,5) (22,18,3) 
Queue 2: (16,12,1) (27,16,6) 
Queue 3: (4,15,3) (35,16,3) 
Queue 4: (15,15,3) (37,16,3) 
Queue 5: (24,16,3) (5,18,3) 

Time 20
Waiting clients: (6,22,5) (18,23,2) (40,23,6) (14,25,5) (2,26,6) (44,26,2) (1,28,6) (28,29,5) (17,30,4) (43,30,5) (21,31,1) (7,33,6) (20,33,6) (3,34,2) (47,36,5) (26,39,4) (36,39,4) 
Queue 1: (13,16,4) (22,18,3) 
Queue 2: (27,16,6) 
Queue 3: (4,15,2) (35,16,3) (32,20,4) 
Queue 4: (15,15,2) (37,16,3) (50,20,4) 
Queue 5: (24,16,2) (5,18,3) 

Time 21
Waiting clients: (6,22,5) (18,23,2) (40,23,6) (14,25,5) (2,26,6) (44,26,2) (1,28,6) (28,29,5) (17,30,4) (43,30,5) (21,31,1) (7,33,6) (20,33,6) (3,34,2) (47,36,5) (26,39,4) (36,39,4) 
Queue 1: (13,16,3) (22,18,3) 
Queue 2: (27,16,5) 
Queue 3: (4,15,1) (35,16,3) (32,20,4) 
Queue 4: (15,15,1) (37,16,3) (50,20,4) 
Queue 5: (24,16,1) (5,18,3) 

Time 22
Waiting clients: (18,23,2) (40,23,6) (14,25,5) (2,26,6) (44,26,2) (1,28,6) (28,29,5) (17,30,4) (43,30,5) (21,31,1) (7,33,6) (20,33,6) (3,34,2) (47,36,5) (26,39,4) (36,39,4) 
Queue 1: (13,16,2) (22,18,3) 
Queue 2: (27,16,4) 
Queue 3: (35,16,3) (32,20,4) 
Queue 4: (37,16,3) (50,20,4) 
Queue 5: (5,18,3) (6,22,5) 

Time 23
Waiting clients: (14,25,5) (2,26,6) (44,26,2) (1,28,6) (28,29,5) (17,30,4) (43,30,5) (21,31,1) (7,33,6) (20,33,6) (3,34,2) (47,36,5) (26,39,4) (36,39,4) 
Queue 1: (13,16,1) (22,18,3) (40,23,6) 
Queue 2: (27,16,3) (18,23,2) 
Queue 3: (35,16,2) (32,20,4) 
Queue 4: (37,16,2) (50,20,4) 
Queue 5: (5,18,2) (6,22,5) 

Time 24
Waiting clients: (14,25,5) (2,26,6) (44,26,2) (1,28,6) (28,29,5) (17,30,4) (43,30,5) (21,31,1) (7,33,6) (20,33,6) (3,34,2) (47,36,5) (26,39,4) (36,39,4) 
Queue 1: (22,18,3) (40,23,6) 
Queue 2: (27,16,2) (18,23,2) 
Queue 3: (35,16,1) (32,20,4) 
Queue 4: (37,16,1) (50,20,4) 
Queue 5: (5,18,1) (6,22,5) 

Time 25
Waiting clients: (2,26,6) (44,26,2) (1,28,6) (28,29,5) (17,30,4) (43,30,5) (21,31,1) (7,33,6) (20,33,6) (3,34,2) (47,36,5) (26,39,4) (36,39,4) 
Queue 1: (22,18,2) (40,23,6) 
Queue 2: (27,16,1) (18,23,2) (14,25,5) 
Queue 3: (32,20,4) 
Queue 4: (50,20,4) 
Queue 5: (6,22,5) 

Time 26
Waiting clients: (1,28,6) (28,29,5) (17,30,4) (43,30,5) (21,31,1) (7,33,6) (20,33,6) (3,34,2) (47,36,5) (26,39,4) (36,39,4) 
Queue 1: (22,18,1) (40,23,6) 
Queue 2: (18,23,2) (14,25,5) 
Queue 3: (32,20,3) (2,26,6) 
Queue 4: (50,20,3) (44,26,2) 
Queue 5: (6,22,4) 

Time 27
Waiting clients: (1,28,6) (28,29,5) (17,30,4) (43,30,5) (21,31,1) (7,33,6) (20,33,6) (3,34,2) (47,36,5) (26,39,4) (36,39,4) 
Queue 1: (40,23,6) 
Queue 2: (18,23,1) (14,25,5) 
Queue 3: (32,20,2) (2,26,6) 
Queue 4: (50,20,2) (44,26,2) 
Queue 5: (6,22,3) 

Time 28
Waiting clients: (28,29,5) (17,30,4) (43,30,5) (21,31,1) (7,33,6) (20,33,6) (3,34,2) (47,36,5) (26,39,4) (36,39,4) 
Queue 1: (40,23,5) 
Queue 2: (14,25,5) 
Queue 3: (32,20,1) (2,26,6) 
Queue 4: (50,20,1) (44,26,2) 
Queue 5: (6,22,2) (1,28,6) 

Time 29
Waiting clients: (17,30,4) (43,30,5) (21,31,1) (7,33,6) (20,33,6) (3,34,2) (47,36,5) (26,39,4) (36,39,4) 
Queue 1: (40,23,4) 
Queue 2: (14,25,4) 
Queue 3: (2,26,6) 
Queue 4: (44,26,2) (28,29,5) 
Queue 5: (6,22,1) (1,28,6) 

Time 30
Waiting clients: (21,31,1) (7,33,6) (20,33,6) (3,34,2) (47,36,5) (26,39,4) (36,39,4) 
Queue 1: (40,23,3) (17,30,4) 
Queue 2: (14,25,3) (43,30,5) 
Queue 3: (2,26,5) 
Queue 4: (44,26,1) (28,29,5) 
Queue 5: (1,28,6) 

Time 31
Waiting clients: (7,33,6) (20,33,6) (3,34,2) (47,36,5) (26,39,4) (36,39,4) 
Queue 1: (40,23,2) (17,30,4) 
Queue 2: (14,25,2) (43,30,5) 
Queue 3: (2,26,4) (21,31,1) 
Queue 4: (28,29,5) 
Queue 5: (1,28,5) 

Time 32
Waiting clients: (7,33,6) (20,33,6) (3,34,2) (47,36,5) (26,39,4) (36,39,4) 
Queue 1: (40,23,1) (17,30,4) 
Queue 2: (14,25,1) (43,30,5) 
Queue 3: (2,26,3) (21,31,1) 
Queue 4: (28,29,4) 
Queue 5: (1,28,4) 

Time 33
Waiting clients: (3,34,2) (47,36,5) (26,39,4) (36,39,4) 
Queue 1: (17,30,4) 
Queue 2: (43,30,5) 
Queue 3: (2,26,2) (21,31,1) (7,33,6) 
Queue 4: (28,29,3) (20,33,6) 
Queue 5: (1,28,3) 

Time 34
Waiting clients: (47,36,5) (26,39,4) (36,39,4) 
Queue 1: (17,30,3) 
Queue 2: (43,30,4) 
Queue 3: (2,26,1) (21,31,1) (7,33,6) 
Queue 4: (28,29,2) (20,33,6) 
Queue 5: (1,28,2) (3,34,2) 

Time 35
Waiting clients: (47,36,5) (26,39,4) (36,39,4) 
Queue 1: (17,30,2) 
Queue 2: (43,30,3) 
Queue 3: (21,31,1) (7,33,6) 
Queue 4: (28,29,1) (20,33,6) 
Queue 5: (1,28,1) (3,34,2) 

Time 36
Waiting clients: (26,39,4) (36,39,4) 
Queue 1: (17,30,1) (47,36,5) 
Queue 2: (43,30,2) 
Queue 3: (7,33,6) 
Queue 4: (20,33,6) 
Queue 5: (3,34,2) 

Time 37
Waiting clients: (26,39,4) (36,39,4) 
Queue 1: (47,36,5) 
Queue 2: (43,30,1) 
Queue 3: (7,33,5) 
Queue 4: (20,33,5) 
Queue 5: (3,34,1) 

Time 38
Waiting clients: (26,39,4) (36,39,4) 
Queue 1: (47,36,4) 
Queue 2: closed
Queue 3: (7,33,4) 
Queue 4: (20,33,4) 
Queue 5: closed

Time 39
Waiting clients: 
Queue 1: (47,36,3) 
Queue 2: (26,39,4) 
Queue 3: (7,33,3) 
Queue 4: (20,33,3) 
Queue 5: (36,39,4) 

Time 40
Waiting clients: 
Queue 1: (47,36,2) 
Queue 2: (26,39,3) 
Queue 3: (7,33,2) 
Queue 4: (20,33,2) 
Queue 5: (36,39,3) 

Time 41
Waiting clients: 
Queue 1: (47,36,1) 
Queue 2: (26,39,2) 
Queue 3: (7,33,1) 
Queue 4: (20,33,1) 
Queue 5: (36,39,2) 

Time 42
Waiting clients: 
Queue 1: closed
Queue 2: (26,39,1) 
Queue 3: closed
Queue 4: closed
Queue 5: (36,39,1) 

Time 43
Waiting clients: 
Queue 1: closed
Queue 2: closed
Queue 3: closed
Queue 4: closed
Queue 5: closed

Simulation finished
Peak hour: 6
Average waiting time: 6
Average service time: 4
